13633,      13701,      13864,      13873,      13899,       13916,       13326, 
    13320, 
    13289, 
    13088, 
    12835, 
    12627, 
    12527, 
    12364, 
    12303, 
    12075, 
    11985, 
    11888, 
    11748, 
    11663, 
    10851, 
    10121, 
  9630, 
    9139, 
    9102, 
    8661, 
    5664, 
    128, 
    175, 
    248, 
    443, 
    837, 
    868, 
    886, 
    1012, 
    1099, 
    1731, 
    1756, 
    2364, 
    2437, 
    2468, 
    2492, 
    2501, 
    2573, 
    2692, 
    2933, 
    3386, 
    3461, 
    3868, 
    4012, 
    4165, 
    4170, 
    4329, 
    4480, 
    4737, 
    4838, 
    4932, 
    5302, 
    5923, 
    6337, 
    6750, 
    7374, 
    7692, 
    7855, 
    7941, 
    8173, 
    9988, 
    9005, 
    5127, 
    13515, 
    9852, 
    42, 
    218, 
    302, 
    416, 
    496, 
    1011, 
    2443, 
    3044, 
    3147, 
    3333, 
    3711, 
    3986, 
    4159, 
    4507, 
    4748, 
    4970, 
    5077, 
    5495, 
    5935, 
    6733, 
    7001, 
    7119, 
    7782, 
    8184, 
    8888, 
    9031, 
    9068, 
    9338, 
    9944, 
    10909, 
    11264, 
    11348, 
    11534, 
    12062, 
    12317, 
    12357, 
    12687, 
    8845, 
    12253, 
    11887, 
    10816, 
    9579, 
    9241, 
    7109, 
    6954, 
    5707, 
    5225, 
    4921, 
    1424, 
    6440, 
    12065, 
    2299,    13701, 
    13586, 
    13111, 
    13091, 
    13050, 
    12160, 
    12139, 
    11691, 
    11502, 
    10804, 
    10467, 
    10095, 
    9742, 
    9705, 
    9677, 
    140, 
    769, 
    923, 
    1145, 
    1516, 
    1656, 
    2147, 
    2594, 
    2657, 
    2818, 
    2991, 
    3998, 
    4281, 
    4413, 
    4491, 
    4495, 
    4679, 
    4957, 
    5715, 
    5766, 
    5816, 
    6476, 
    6911, 
    6995, 
    7210, 
    7423, 
    7725, 
    7860, 
    7862, 
    8131, 
    8274, 
    8720, 
    8967, 
    9332, 
    9663, 
    8877, 
    10744, 
    10230, 
    13383, 
    13026, 
    12076, 
    11314, 
    10960, 
    9096, 
    8745, 
    6567, 
    2027, 
    3326, 
    5856, 
    12712, 
    12277, 
    12195, 
    11556, 
    11196, 
    10511, 
    9933, 
    9048, 
    8347, 
    7214, 
    6573, 
    5862, 
    4744, 
    3278, 
    3019, 
    1276, 
    924, 
    8602, 
    12668, 
    11677, 
    5979, 
    2497, 
    1641, 
    303, 
    8057, 
    5552, 
    3907, 
    3417, 
    2394, 
    1194, 
    3268,   13864, 
    11950, 
    11200, 
    11188, 
    8399, 
    7492, 
    6802, 
    3791, 
    2031, 
    12101, 
    10821, 
    10794, 
    10015, 
    8528, 
    8010, 
    5852, 
    3945, 
    490, 
    4232, 
    11064, 
    13848, 
    13744, 
    2056, 
    1109, 
    13739, 
    13103, 
    12432, 
    11845, 
    9379, 
    6092, 
    4315, 
    5739, 
    6927, 
    5933, 
    489, 
    932, 
    1225, 
    1406, 
    1490, 
    1633, 
    1725, 
    2138, 
    2188, 
    2324, 
    2872, 
    2873, 
    3026, 
    3850, 
    4210, 
    4449, 
    4671, 
    4879, 
    5075, 
    5404, 
    5468, 
    5927, 
    6670, 
    7334, 
    7402, 
    7452, 
    7518, 
    7610, 
    7812, 
    7953, 
    8344, 
    8471, 
    8610, 
    8752, 
    8947, 
    8949, 
    9073, 
    9656, 
    9910, 
    10913, 
    11138, 
    11412, 
    11475, 
    12117, 
    2, 
    4714, 
    5826, 
    7513, 
    11561, 
    8726, 
    524, 
    6991, 
    13141, 
    7857, 
    9452, 
    4870, 
    6518, 
    4264, 
    6555, 
    7522, 
    12377, 
    11085, 
    11248, 
    11126, 
    13240, 
    10751, 
    6574, 
    6223, 
    1249, 
    2543, 
    4761, 
    11480, 
    5267, 
    4693, 
    784, 
    83, 
    226, 
    12622, 
    3449, 
    3486, 
    5429, 
    6485, 
    9015, 
    9678, 
    12487, 
    12673, 
    10847, 
    7304, 
    12818, 
    66, 
    3768, 
    11982, 
    10388, 
    576, 
    1591, 
    7051, 
    2250, 
    2532, 
    2674, 
    3515, 
    4812, 
    5976, 
    7484, 
    10249, 
    11698, 
    11087, 
    1473, 
    12884, 
    5349, 
    4845, 
    1686, 
    10880, 
    7798, 
    6491, 
    191, 
    13670, 
    11281, 
    2512, 
    2490, 
    5067, 
    13651, 
    11675, 
    6921, 
    6395, 
    945, 
    10733, 
    5447, 
    13548, 
    11841, 
    11744, 
    10798, 
    10279, 
    9394, 
    8321, 
    4307, 
    3126, 
    4219, 
    12525, 
    13307, 
    7814, 
    7406, 
    5109, 
    327, 
    10814, 
    6732, 
    5533, 
    904, 
    1080, 
    11885, 
    11204, 
    9029, 
    7672, 
    7047, 
    4303, 
    1842, 
    6972, 
    79, 
    1227, 
    2569, 
    3359, 
    3988, 
    4840, 
    4926, 
    5704, 
    5708, 
    6603, 
    12025, 
    10570, 
    4077, 
    6149, 
    6800, 
    11628, 
    10910, 
    9813, 
    8701, 
    6520, 
    3799, 
    1859, 
    1234, 
    9541, 
    13130, 
    12310, 
    11309, 
    10526, 
    10066, 
    6091, 
    5443, 
    2650, 
    2644, 
    1157, 
    12878, 
    9414, 
    5179, 
    78, 
    506, 
    514, 
    1487, 
    2576, 
    3816, 
    3984, 
    4658, 
    4839, 
    6632, 
    7142, 
    7218, 
    7316, 
    7834, 
    7934, 
    7950, 
    8263, 
    9439, 
    9618, 
    10453, 
    10805, 
    10823, 
    11058, 
    13377, 
    12901, 
    12638, 
    12458, 
    11730, 
    11655, 
    11110, 
    9855, 
    1820, 
    2195, 
    3530, 
    4680, 
    5608, 
    6509, 
    7274, 
    8332, 
    2815, 
    301, 
    3000, 
    4361, 
    4953, 
    5104, 
    7652, 
    8137, 
    8678, 
    9861, 
    10033, 
    10778, 
    12380, 
    12925, 
    13012, 
    13711, 
    8059, 
    11074, 
    13685, 
    11904, 
    11176, 
    10997, 
    10137, 
    91, 
    522, 
    633, 
    682, 
    955, 
    3373, 
    6257, 
    9027, 
    9330, 
    13329, 
    12891, 
    11923, 
    7830, 
    6370, 
    6289, 
    5960, 
    5654, 
    5284, 
    2876, 
    2318, 
    224, 
    110, 
    12477, 
    9246, 
    10725, 
    8171, 
    2894, 
    2733, 
    752, 
    13550, 
    11216, 
    10029, 
    9388, 
    5649, 
    3010, 
    2178, 
    13255, 
    10378, 
    6143, 
    10322, 
    12787, 
    12594, 
    11265, 
    7676, 
    6778, 
    6627, 
    2593, 
    4950, 
    5467, 
    9058, 
    13155, 
    13086, 
    12578, 
    11817, 
    11622, 
    10856, 
    10728, 
    10180, 
    8948, 
    8811, 
    8499, 
    8415, 
    8356, 
    7603, 
    7409, 
    7178, 
    6884, 
    6229, 
    6003, 
    488, 
    493, 
    1485, 
    1541, 
    1874, 
    2459, 
    2829, 
    3032, 
    3803, 
    3924, 
    5156, 
    180, 
    4335, 
    5073, 
    363, 
    13468, 
    13253, 
    11918, 
    11741, 
    11125, 
    10962, 
    10842, 
    9991, 
    9710, 
    9470, 
    9350, 
    9136, 
    9101, 
    8710, 
    8444, 
    8402, 
    8044, 
    6167, 
    6075, 
    5050, 
    4895, 
    4148, 
    3121, 
    2757, 
    1892, 
    767, 
    7726, 
    10930, 
    3619, 
    13786,     13873, 
    11752, 
    11291, 
    10878, 
    10135, 
    8862, 
    846, 
    1061, 
    1213, 
    1367, 
    1895, 
    2710, 
    3562, 
    7111, 
    8442, 
    8607, 
    3982, 
    2652, 
    1607, 
    5920, 
    12356, 
    13850, 
    12797, 
    12343, 
    11489, 
    10513, 
    9584, 
    9422, 
    8431, 
    7665, 
    5672, 
    5168, 
    5165, 
    4144, 
    2051, 
    1471, 
    13239, 
    9347, 
    7536, 
    12067, 
    7420, 
    5845, 
    5190, 
    2030, 
    1883, 
    2046, 
    13153, 
    11578, 
    10297, 
    9854, 
    9811, 
    8625, 
    6976, 
    4808, 
    3606, 
    3414, 
    1385, 
    1052, 
    9339, 
    13753, 
    4570, 
    10288, 
    13282, 
    12775, 
    12467, 
    7604, 
    6390, 
    6168, 
    1699, 
    883, 
    5854, 
    429, 
    12399, 
    11136, 
    10350, 
    10141, 
    9087, 
    7853, 
    6065, 
    4423, 
    3458, 
    6087, 
    13312, 
    11856, 
    10892, 
    10829, 
    10016, 
    7928, 
    5615, 
    3614, 
    3549, 
    1037, 
    320, 
    12934, 
    6784, 
    6260, 
    10089, 
    13735, 
    12903, 
    12591, 
    11788, 
    9074, 
    440, 
    528, 
    1486, 
    1758, 
    2115, 
    2217, 
    2265, 
    4427, 
    5771, 
    5849, 
    6442, 
    8476, 
    10446, 
    12793, 
    12127, 
    233, 
    13694, 
    9218, 
    3939, 
    1552, 
    2053, 
    1589, 
    13049, 
    8665, 
    4715, 
    4425, 
    3111, 
    2350, 
    2247, 
    3162, 
    12089, 
    9145, 
    7723, 
    7162, 
    2285, 
    5006, 
    13689, 
    13568, 
    12327, 
    10578, 
    10503, 
    1063, 
    1857, 
    3859, 
    4233, 
    5336, 
    7743, 
    8088, 
    8786, 
    8879, 
    9194, 
    9234, 
    9283, 
    953, 
    13214, 
    11322, 
    10162, 
    9430, 
    8126, 
    7039, 
    6988, 
    275, 
    1143, 
    1359, 
    2427, 
    3501, 
    4421, 
    5221, 
    5269, 
    6452, 
    6810, 
    7238, 
    7999, 
    6780, 
    3769, 
    1884, 
    6051, 
    12704, 
    9103, 
    12888, 
    12107, 
    12044, 
    11608, 
    10850, 
    9674, 
    9191, 
    8773, 
    8534, 
    8151, 
    5889, 
    3579, 
    3429, 
    2561, 
    6129, 
    12370, 
    90, 
    234, 
    256, 
    635, 
    1250, 
    1324, 
    1781, 
    1836, 
    2466, 
    2973, 
    3826, 
    4017, 
    4340, 
    4391, 
    5031, 
    5451, 
    6322, 
    6675, 
    6676, 
    7561, 
    7713, 
    8097, 
    8605, 
    8908, 
    9006, 
    9204, 
    9453, 
    9574, 
    10140, 
    10363, 
    10528, 
    10687, 
    10704, 
    11381, 
    11436, 
    11600, 
    11797, 
    11969, 
    13728, 
    1242, 
    5763, 
    12403, 
    5287, 
    11095, 
    13827, 
    13489, 
    12227, 
    10793, 
    9553, 
    3862, 
    3665, 
    2474, 
    2389, 
    739, 
    13427, 
    13713, 
    9488, 
    9091, 
    825, 
    975, 
    6053, 
    6688, 
    7014, 
    7106, 
    4952, 
    5827, 
    119, 
    1030, 
    1295, 
    1450, 
    2060, 
    2218, 
    2500, 
    2948, 
    3345, 
    5249, 
    6601, 
    6949, 
    8019, 
    8175, 
    9024, 
    9258, 
    9899, 
    9948, 
    10109, 
    10700, 
    10713, 
    10866, 
    11063, 
    11220, 
    13511, 
    13624, 
    12783, 
    2143, 
    5490, 
    968, 
    451, 
    565, 
    570, 
    684, 
    1706, 
    1917, 
    1940, 
    3410, 
    3472, 
    3756, 
    4556, 
    4681, 
    4896, 
    5325, 
    5362, 
    5655, 
    6268, 
    6311, 
    6828, 
    6876, 
    7251, 
    8322, 
    8792, 
    9051, 
    9421, 
    9796, 
    10257, 
    11462, 
    11830, 
    12148, 
    13627, 
    5493, 
    6127, 
    3460, 
    7075, 
    12757, 
    223, 
    759, 
    1097, 
    1105, 
    2005, 
    2526, 
    2901, 
    3974, 
    4035, 
    5005, 
    5263, 
    5457, 
    7317, 
    8243, 
    9167, 
    10319, 
    10414, 
    10685, 
    13226, 
    13635, 
    13809, 
    1480, 
    3119, 
    279, 
    10481, 
    6062, 
    1443, 
    8766, 
    11769, 
    13416, 
    12394, 
    11692, 
    9518, 
    8896, 
    7644, 
    6076, 
    4537, 
    3004, 
    2434, 
    1658, 
    356, 
    12709, 
    12468, 
    10711, 
    10191, 
    9592, 
    10504, 
    12049, 
    8664, 
    11770, 
    11636, 
    10587, 
    9346, 
    9111, 
    8588, 
    6121, 
    3038, 
    1988, 
    167, 
    312, 
    597, 
    771, 
    6054, 
    11702, 
    10145, 
    1239, 
    8087, 
    341, 
    1116, 
    1346, 
    1606, 
    1662, 
    2298, 
    4018, 
    4594, 
    5841, 
    5962, 
    6308, 
    6529, 
    7261, 
    7414, 
    7764, 
    7880, 
    8035, 
    8128, 
    8832, 
    8939, 
    10104, 
    10731, 
    10746, 
    10881, 
    11302, 
    11362, 
    11565, 
    11801, 
    520, 
    7527, 
    9513, 
    3635, 
    3295, 
    26, 
    3244, 
    13631, 
    13264, 
    11866, 
    9500, 
    9034, 
    8518, 
    7611, 
    7176, 
    4995, 
    3603, 
    3048, 
    2915, 
    2507, 
    394,       13899, 
    13877, 
    13764, 
    12824, 
    12693, 
    12573, 
    11726, 
    11651, 
    4207, 
    10205, 
    478, 
    804, 
    1413, 
    1500, 
    1549, 
    1764, 
    2522, 
    2853, 
    3677, 
    4211, 
    4590, 
    6011, 
    6321, 
    7708, 
    7832, 
    8538, 
    8731, 
    8838, 
    8990, 
    9505, 
    9953, 
    10147, 
    10160, 
    10412, 
    10666, 
    11336, 
    6523, 
    6171, 
    2080, 
    6674, 
    4415, 
    6769, 
    11854, 
    9293, 
    7362, 
    4107, 
    10471, 
    9425, 
    7778, 
    6807, 
    5366, 
    7034, 
    9441, 
    5293, 
    12628, 
    11804, 
    4426, 
    2560, 
    7882, 
    4183, 
    7770, 
    2784, 
    1912, 
    6695, 
    3493, 
    497, 
    826, 
    1560, 
    2333, 
    2426, 
    2523, 
    3914, 
    3957, 
    4023, 
    4146, 
    4352, 
    4593, 
    4666, 
    4678, 
    5602, 
    5752, 
    6306, 
    6629, 
    6682, 
    6824, 
    6987, 
    7096, 
    7885, 
    8551, 
    8582, 
    9927, 
    10099, 
    10206, 
    11113, 
    11175, 
    12440, 
    12444, 
    13291, 
    13403, 
    13591, 
    13209, 
    3094, 
    11537, 
    13244, 
    5123, 
    7114, 
    13059, 
    3950, 
    7899, 
    355, 
    12528, 
    2411, 
    856, 
    11448, 
    12416, 
    3560, 
    8827, 
    7357, 
    2084, 
    2952, 
    12909, 
    11471, 
    10532, 
    9829, 
    2503, 
    9232, 
    12935, 
    3439, 
    5110, 
    8368, 
    9434, 
    12261, 
    8379, 
    6729, 
    934, 
    4630, 
    13048, 
    10073, 
    11753, 
    9371, 
    6764, 
    4044, 
    7961, 
    2789, 
    7887, 
    7255, 
    5957, 
    47, 
    9775, 
    5975, 
    5680, 
    4944, 
    2893, 
    100, 
    1065, 
    1713, 
    2050, 
    3257, 
    4513, 
    5015, 
    5203, 
    5235, 
    5576, 
    5616, 
    5792, 
    5844, 
    6985, 
    7470, 
    7695, 
    8228, 
    8278, 
    10917, 
    11384, 
    11626, 
    11791, 
    12443, 
    13552, 
    13770, 
    9468, 
    9243, 
    7408, 
    5683, 
    11594, 
    6467, 
    8632, 
    10, 
    12011, 
    9403, 
    11149, 
    8751, 
    12208, 
    11385, 
    1710, 
    1402, 
    290, 
    10773, 
    8989, 
    9130, 
    7749, 
    5166, 
    2228, 
    3109, 
    7161, 
    7499, 
    6714, 
    5969, 
    12911, 
    647, 
    889, 
    1412, 
    2023, 
    2052, 
    2483, 
    2668, 
    5945, 
    8443, 
    8671, 
    9335, 
    9889, 
    11226, 
    8663, 
    3580, 
    13896, 
    1091, 
    1449, 
    1581, 
    7606, 
    7195, 
    4927, 
    4034, 
    3324, 
    2825, 
    4136, 
    1186, 
    1778, 
    3965, 
    4911, 
    5332, 
    6661, 
    6835, 
    7120, 
    7415, 
    7488, 
    7616, 
    8734, 
    9251, 
    9913, 
    10101, 
    11370, 
    11673, 
    11955, 
    12521, 
    12845, 
    12913, 
    13308, 
    13881, 
    1076, 
    657, 
    9215, 
    4404, 
    13731, 
    12232, 
    8558, 
    4326, 
    12031, 
    8434, 
    13812, 
    7385, 
    987, 
    5821, 
    2467, 
    10598, 
    12284, 
    8208, 
    1868, 
    6232, 
    9152, 
    118, 
    678, 
    746, 
    1956, 
    4274, 
    4644, 
    5627, 
    6843, 
    7118, 
    7626, 
    8487, 
    8544, 
    8789, 
    9560, 
    12389, 
    12428, 
    12910, 
    13109, 
    13494, 
    11002, 
    9222, 
    8903, 
    13761, 
    2405, 
    7776, 
    12552, 
    13674, 
    12524, 
    8853, 
    8326, 
    3342, 
    1465, 
    13315, 
    9624, 
    13084, 
    789, 
    2819, 
    3442, 
    5744, 
    6255, 
    7296, 
    8370, 
    10331, 
    10423, 
    11813, 
    2282, 
    10170, 
    2624, 
    3122, 
    11506, 
    9930, 
    9716, 
    9655, 
    9235, 
    4801, 
    8996, 
    7769, 
    12319, 
    10517, 
    8819, 
    7213, 
    2612, 
    981, 
    992, 
    1045, 
    4372, 
    5378, 
    4344, 
    9533, 
    12553, 
    12131, 
    10998, 
    10312, 
    8206, 
    6880, 
    143, 
    671, 
    2925, 
    4084, 
    4992, 
    6718, 
    7992, 
    1799, 
    11503, 
    10828, 
    8575, 
    6986, 
    5848, 
    4108, 
    3265, 
    22, 
    11276, 
    6571, 
    5438, 
    4563, 
    3239, 
    2611, 
    480, 
    6099, 
    3720, 
    13267, 
    12415, 
    11310, 
    5426, 
    4736, 
    4684, 
    3847, 
    2727, 
    13506, 
    13433, 
    11579, 
    10777, 
    9465, 
    9238, 
    51, 
    448, 
    2510, 
    3303, 
    4157, 
    7568, 
    7943, 
    8679, 
    5282, 
    4330, 
    13057, 
    12465, 
    11980, 
    9849, 
    9094, 
    8917, 
    8194, 
    6276, 
    2763, 
    1349, 
    9106, 
    6123, 
    12577, 
    12461, 
    12080, 
    11708, 
    8804, 
    7565, 
    7104, 
    7022, 
    6116, 
    3491, 
    3480, 
    1861, 
    1566, 
    278,      13916, 
    13911, 
    13886, 
    13101, 
    13017, 
    12933, 
    12794, 
    11333, 
    10852, 
    10580, 
    10379, 
    8217, 
    269, 
    1181, 
    2452, 
    2840, 
    5053, 
    5397, 
    5587, 
    5814, 
    7167, 
    10582, 
    13016, 
    9993, 
    3114, 
    10634, 
    2202, 
    5686, 
    13843, 
    10048, 
    1826, 
    2098, 
    2116, 
    2587, 
    2709, 
    3148, 
    3159, 
    5175, 
    9317, 
    9390, 
    11020, 
    12986, 
    12517, 
    3848, 
    11468, 
    281, 
    703, 
    931, 
    933, 
    1528, 
    1791, 
    1864, 
    1934, 
    2045, 
    2069, 
    2415, 
    2524, 
    2823, 
    3008, 
    3043, 
    3849, 
    4137, 
    5009, 
    5600, 
    6230, 
    6844, 
    6923, 
    7016, 
    7252, 
    7739, 
    7817, 
    7850, 
    7863, 
    8022, 
    8107, 
    8333, 
    9042, 
    9229, 
    9312, 
    9698, 
    9834, 
    9965, 
    10588, 
    10753, 
    11320, 
    11423, 
    11988, 
    12618, 
    12666, 
    12690, 
    12880, 
    13055, 
    13118, 
    13432, 
    13569, 
    13762, 
    13781, 
    127, 
    3623, 
    13587, 
    11098, 
    11802, 
    8038, 
    12081, 
    11540, 
    3990, 
    10004, 
    12800, 
    1151, 
    5335, 
    6783, 
    2246, 
    12916, 
    12871, 
    11764, 
    10808, 
    4516, 
    4160, 
    2392, 
    1020, 
    3393, 
    11317, 
    10291, 
    10228, 
    9998, 
    9196, 
    9115, 
    8417, 
    6899, 
    3730, 
    7291, 
    13509, 
    8155, 
    5968, 
    4510, 
    412, 
    13207, 
    10498, 
    2032, 
    13046, 
    11849, 
    10945, 
    10669, 
    1064, 
    1025, 
    10675, 
    5417, 
    11599, 
    11592, 
    2158, 
    993, 
    1805, 
    2374, 
    2970, 
    5527, 
    5978, 
    6643, 
    7328, 
    7387, 
    7765, 
    10929, 
    594, 
    9920, 
    13640, 
    13553, 
    12852, 
    3569, 
    2579, 
    115, 
    44, 
    1521, 
    8578, 
    13317, 
    6543, 
    13170, 
    11688, 
    10957, 
    8122, 
    7877, 
    7122, 
    6983, 
    5556, 
    5374, 
    1558, 
    2090, 
    3195, 
    3437, 
    11467, 
    13031, 
    11890, 
    11527, 
    11367, 
    7608, 
    3857, 
    3095, 
    2223, 
    1773, 
    1390, 
    13305, 
    11930, 
    11572, 
    11446, 
    10068, 
    9531, 
    8955, 
    7556, 
    7136, 
    4946, 
    859, 
    978, 
    3886, 
    4776, 
    2809, 
    6891, 
    5540, 
    12362, 
    12750, 
    8524, 
    5717, 
    9667, 
    11033, 
    8596, 
    8266, 
    401, 
    243, 
    5471, 
    10867, 
    10791, 
    7609, 
    3757, 
    10449, 
    2625, 
    4817, 
    7529, 
    7128, 
    6639, 
    6249, 
    5370, 
    1375, 
    12701, 
    11444, 
    9658, 
    8119, 
    1537, 
    1810, 
    4040, 
    5057, 
    5793, 
    6056, 
    6180, 
    6727, 
    7215, 
    7236, 
    7579, 
    4414, 
    8095, 
    6622, 
    11937, 
    9798, 
    860, 
    516, 
    2078, 
    3074, 
    3831, 
    3852, 
    4121, 
    4401, 
    5018, 
    7005, 
    7619, 
    11668, 
    7525, 
    20, 
    5354, 
    291, 
    333, 
    813, 
    2240, 
    2797, 
    5742, 
    6169, 
    6557, 
    6890, 
    7390, 
    7481, 
    7881, 
    8546, 
    9538, 
    10049, 
    10321, 
    11805, 
    13574, 
    13399, 
    11803, 
    13720, 
    11418, 
    10008, 
    10983, 
    6599, 
    7647, 
    13838, 
    4580, 
    4405, 
    3018, 
    9783, 
    11667, 
    12258, 
    12113, 
    9961, 
    9168, 
    1403, 
    7628, 
    692, 
    7283, 
    5285, 
    12115, 
    12807, 
    12159, 
    11017, 
    10036, 
    1115, 
    738, 
    1289, 
    1475, 
    1595, 
    1645, 
    1667, 
    2767, 
    4083, 
    4451, 
    5253, 
    7309, 
    7576, 
    8086, 
    9013, 
    10405, 
    10940, 
    11401, 
    12191, 
    12636, 
    1118, 
    12667, 
    12899, 
    329, 
    471, 
    728, 
    864, 
    2165, 
    2431, 
    2712, 
    2808, 
    3912, 
    3926, 
    4640, 
    4887, 
    5257, 
    5741, 
    7560, 
    8418, 
    8757, 
    8865, 
    9606, 
    9966, 
    10025, 
    10035, 
    10136, 
    10142, 
    11056, 
    11114, 
    11416, 
    11642, 
    12190, 
    12719, 
    12866, 
    12951, 
    12969, 
    8401, 
    10668, 
    4645, 
    11227, 
    9760, 
    8601, 
    1950, 
    10531, 
    1759, 
    1960, 
    2646, 
    13228, 
    12723, 
    10146, 
    9929, 
    8003, 
    7938, 
    7810, 
    6353, 
    5346, 
    4922, 
    1834, 
    8552, 
    13299, 
    13270, 
    12463, 
    12145, 
    10239, 
    9307, 
    9116, 
    9039, 
    8121, 
    7635, 
    7469, 
    6897, 
    6038, 
    5637, 
    3865, 
    2758, 
    2681, 
    372, 
    2044, 
    2320, 
    8915, 
    11214, 
    4138, 
    467, 
    13187, 
    10835, 
    10429, 
    10374, 
    10012, 
    9554, 
    7322, 
    7145, 
    6497, 
    2423, 
    3682, 
    4271, 
    4949, 
    5861, 
    5895, 
    6414, 
    263, 
    946, 
    3389, 
    4339, 
    4545, 
    6146, 
    6532, 
    6772, 
    7312, 
    8331, 
    9061, 
    10313, 
    11840, 
    12431, 
    12471, 
    12508, 
    10875, 
    1178, 
    1090, 
    5961, 
    13318, 
    12889, 
    12581, 
    12410, 
    11819, 
    11135, 
    11001, 
    10166, 
    9648, 
    9632, 
    9364, 
    9207, 
    7656, 
    7087, 
    5727, 
    4342, 
    3672, 
    2734, 
    2161, 
    659, 
    2438